1|0|2023-07-09T00:00:00|5|350|3|VRACENO|1
2|0|2023-07-09T00:00:00|4|4000|4|OTKAZANO|0
3|0|2023-07-15T00:00:00|6|1200|4|OTKAZANO|0
4|0|2023-07-03T00:00:00|2|400|4|OTKAZANO|0
5|0|2023-07-11T00:00:00|4|800|4|OTKAZANO|0
6|0|2023-07-25T00:00:00|2|140|4|OTKAZANO|0
7|0|2023-07-11T00:00:00|1|200|3|OBRADA|0
8|0|2023-07-22T00:00:00|1|1000|3|OBRADA|0
9|0|2023-07-29T00:00:00|1|200|3|OBRADA|0
10|0|2023-06-30T00:00:00|1|1000|3|OBRADA|0
11|0|2023-05-15T00:00:00|10|2000|3|VRACENO|0
12|0|2023-01-01T00:00:00|14|16800|3|OBRADA|0
